<TICKER>,<PER>,<DATE>,<TIME>,<OPEN>,<HIGH>,<LOW>,<CLOSE>,<VOL>
USDRUB,D,20210101,000000,73.7880000,74.0042000,73.7880000,73.8090000,13
USDRUB,D,20210103,000000,73.7900000,74.5255000,73.7900000,74.4807000,205
USDRUB,D,20210104,000000,74.3617000,74.5750000,73.0248000,74.5035000,428495
USDRUB,D,20210105,000000,74.4911000,75.2761200,73.8130000,74.2509000,486552
USDRUB,D,20210106,000000,74.2273000,74.2707000,73.3500000,74.1278000,527991
USDRUB,D,20210107,000000,73.7960000,74.9510000,73.4380000,74.5962000,47446
USDRUB,D,20210108,000000,74.4000000,74.8250000,73.7655000,74.0795000,570453
USDRUB,D,20210110,000000,74.1448000,74.2876000,73.7200000,73.9300000,1095
USDRUB,D,20210111,000000,74.0897000,74.9960000,73.8570000,74.4270000,685714
USDRUB,D,20210112,000000,74.6506000,74.7694000,73.3500000,73.4610000,806182
USDRUB,D,20210113,000000,73.4537000,74.2880000,73.3350000,73.8795000,776815
USDRUB,D,20210114,000000,73.8445000,74.0045900,73.0120000,73.3033000,588280
USDRUB,D,20210115,000000,73.3038000,73.8790300,73.1300000,73.3100000,784610
USDRUB,D,20210117,000000,73.5451000,74.0400000,73.3900000,73.6951000,678
USDRUB,D,20210118,000000,73.6795000,74.4450000,73.3960000,73.8800000,499738
USDRUB,D,20210119,000000,74.0378000,74.3202000,73.5000000,73.7272000,679683
USDRUB,D,20210120,000000,73.7704000,74.0800000,73.1500000,73.4866000,630877
USDRUB,D,20210121,000000,73.4713000,74.1000000,73.1260000,73.8993000,834822
USDRUB,D,20210122,000000,73.9383000,75.3601200,73.7440000,75.1411000,758719
USDRUB,D,20210124,000000,75.1200000,75.5259000,75.1200000,75.4064000,871
USDRUB,D,20210125,000000,75.4053000,75.8588900,74.3467000,75.2130000,845574
USDRUB,D,20210126,000000,75.2837000,75.7838900,74.8170000,74.9150000,750774
USDRUB,D,20210127,000000,75.1067000,75.9783800,74.5580000,75.7780000,1025269
USDRUB,D,20210128,000000,75.8595000,76.5006400,75.5900000,76.0390000,1061601
USDRUB,D,20210129,000000,76.0390000,76.4510000,75.1740000,75.8064000,1135327
USDRUB,D,20210131,000000,75.8147000,75.9372000,75.5750000,75.7150000,595
USDRUB,D,20210201,000000,75.7520000,76.2030000,75.2979000,76.0720000,884387
USDRUB,D,20210202,000000,76.0510000,76.3430000,75.2585000,76.2349000,1061909
USDRUB,D,20210203,000000,76.1150000,76.3492000,75.5410000,75.9224000,825337
USDRUB,D,20210204,000000,75.9138000,76.0472100,75.2528000,75.5429000,801495
USDRUB,D,20210205,000000,75.4390000,75.7120000,74.4596000,74.5982000,606080
USDRUB,D,20210207,000000,74.8650000,74.8650000,74.3930000,74.5800000,412
USDRUB,D,20210208,000000,74.6614000,74.7630000,74.0948000,74.3142000,694690
USDRUB,D,20210209,000000,74.1810000,74.4067000,73.7350000,73.9079000,451433
USDRUB,D,20210210,000000,73.9003000,74.0191000,73.5619000,73.7870000,787058
USDRUB,D,20210211,000000,73.8000000,73.9290000,73.4745000,73.6586000,708012
USDRUB,D,20210212,000000,73.6585000,74.4631100,73.3780000,73.6361000,696519
USDRUB,D,20210214,000000,73.6910000,73.7663000,73.4570000,73.6047000,742
USDRUB,D,20210215,000000,73.5647000,73.7437000,73.0957000,73.2600000,526055
USDRUB,D,20210216,000000,73.3294000,73.9056100,73.1125000,73.4490000,628498
USDRUB,D,20210217,000000,73.5572000,74.1922100,73.4140000,73.6380000,797517
USDRUB,D,20210218,000000,73.7524000,74.1645200,73.4580000,73.8130000,782936
USDRUB,D,20210219,000000,73.8451000,74.3320000,73.7450000,74.0940000,624509
USDRUB,D,20210221,000000,74.0694000,74.5316000,73.8830000,74.0220000,594
USDRUB,D,20210222,000000,74.0220000,75.0702400,73.7870000,74.1250000,441347
USDRUB,D,20210223,000000,74.2619000,74.3073000,73.6400000,73.9500000,74538
USDRUB,D,20210224,000000,74.0778000,74.2699000,73.3536000,73.5079000,859303
USDRUB,D,20210225,000000,73.5084000,74.8580000,73.2720000,74.6600000,969053
USDRUB,D,20210226,000000,74.6110000,75.0550000,74.0120000,74.1750000,871435
USDRUB,D,20210228,000000,74.6750000,74.9400000,74.1560000,74.3110000,972
USDRUB,D,20210301,000000,74.5548000,74.7388000,73.8478000,74.2424000,724152
USDRUB,D,20210302,000000,74.1890000,74.7268500,73.5200000,73.7270000,884910
USDRUB,D,20210303,000000,73.8141000,74.1087000,73.3438000,73.9430000,741217
USDRUB,D,20210304,000000,74.0097000,74.9633000,73.2900000,74.5130000,1074994
USDRUB,D,20210305,000000,74.5589000,75.4180000,74.0484000,74.0770000,960802
USDRUB,D,20210307,000000,74.1850000,74.7270000,73.8900000,73.9520000,2284
USDRUB,D,20210308,000000,74.2492000,74.8705000,73.6500000,74.3920000,84630
USDRUB,D,20210309,000000,74.5089000,74.6316000,73.7257000,74.1367000,782920
USDRUB,D,20210310,000000,74.1322000,74.1750000,73.3230000,73.4800000,715986
USDRUB,D,20210311,000000,73.5343000,73.8648700,73.0480000,73.3044000,736242
USDRUB,D,20210312,000000,73.3049000,73.7300000,73.1000000,73.2461000,748676
USDRUB,D,20210314,000000,73.3055000,73.5260000,73.0860000,73.2940000,2413
USDRUB,D,20210315,000000,73.4176000,73.4700000,72.6010000,72.7404000,760718
USDRUB,D,20210316,000000,72.7426000,73.0561100,72.4790000,72.9299000,764575
USDRUB,D,20210317,000000,72.9173000,74.2163000,72.7490000,73.6611000,724716
USDRUB,D,20210318,000000,73.6602000,74.4014400,73.3923000,74.3209000,922125
USDRUB,D,20210319,000000,74.3620000,74.4705000,73.6856000,74.0959000,852219
USDRUB,D,20210321,000000,74.1537000,74.8650000,74.1537000,74.3235000,1820
USDRUB,D,20210322,000000,74.3237000,75.0867100,74.0360000,74.8770000,670437
USDRUB,D,20210323,000000,74.8761000,76.4747000,74.6880000,76.3250000,733604
USDRUB,D,20210324,000000,76.3909000,77.0530000,75.6405000,76.6455000,699105
USDRUB,D,20210325,000000,76.6420000,76.7225000,75.6260000,76.1447000,824652
USDRUB,D,20210326,000000,76.1350000,76.2173000,75.5457000,75.7547000,853694
USDRUB,D,20210328,000000,75.6740000,75.9676000,75.5120000,75.6686000,2633
USDRUB,D,20210329,000000,75.6853000,76.1106000,75.4670000,75.6751000,728337
USDRUB,D,20210330,000000,75.6873000,76.2750000,75.3500000,76.0007000,815835
USDRUB,D,20210331,000000,76.0027000,76.1930000,75.1702000,75.7061000,746188
USDRUB,D,20210401,000000,75.6986000,76.4589000,75.4890000,76.1490000,834920
USDRUB,D,20210402,000000,76.2871000,77.0044000,75.9040000,76.4630000,248713
USDRUB,D,20210404,000000,76.4630000,76.6614000,76.1875000,76.3960000,2481
USDRUB,D,20210405,000000,76.3960000,76.7309200,75.9320000,76.4697000,419534
USDRUB,D,20210406,000000,76.3450000,78.0500000,75.5150000,77.1080000,726711
USDRUB,D,20210407,000000,77.1093000,78.0349900,76.7580000,77.2081000,808276
USDRUB,D,20210408,000000,77.2071000,77.3792800,76.5200000,76.5460000,755151
USDRUB,D,20210409,000000,76.7993000,77.5529000,76.5390000,77.3728000,689235
USDRUB,D,20210411,000000,77.4136000,77.6250000,77.2110000,77.4027000,3298
USDRUB,D,20210412,000000,77.4016000,77.7610000,77.0450000,77.3304000,512003
USDRUB,D,20210413,000000,77.3154000,77.5727000,75.7100000,75.9478000,671897
USDRUB,D,20210414,000000,75.9481000,76.0586000,75.3850000,75.8680000,668550
USDRUB,D,20210415,000000,76.0427000,77.5370000,75.6532000,76.0740000,658946
USDRUB,D,20210416,000000,76.0754000,76.6060000,75.2755000,75.7650000,515030
USDRUB,D,20210418,000000,75.8318000,76.1985000,75.7126000,75.9610000,2334
USDRUB,D,20210419,000000,75.9701000,76.5257000,75.7200000,76.3104000,680390
USDRUB,D,20210420,000000,76.3326000,77.2750000,75.8804000,76.6439000,739004
USDRUB,D,20210421,000000,76.6427000,77.2049000,76.2835000,76.6450000,335148
